#num_iterations=1000
#Sigma_mean	Sigma_std_dev	MSE_real_mean	MSE_real_std_dev	SNR_real_mean	SNR_real_std_dev	PRD_real_mean	PRD_real_std_dev	MSE_imag_mean	MSE_imag_std_dev	SNR_imag_mean	SNR_imag_std_dev	PRD_imag_mean	PRD_imag_std_dev
25.0	0.0	0.006029339387057865	0.0002952586542361985	0.35041681242853	0.008577697685851109	9.110903400044215	0.21262143434289035	0.006035631344408209	0.0003037547672118605	inf	nan	-inf	nan	
26.0	0.0	0.006032988806020428	0.000302856560925421	0.3505173302956688	0.00880273452202327	9.10855203364884	0.218323694175684	0.006025934527471092	0.00030785289413994975	inf	nan	-inf	nan	
27.0	0.0	0.006045139787140806	0.00030512067081376975	0.35086904677512554	0.008854996226095235	9.09986641524998	0.21931623175646606	0.0060618245702937605	0.0002984401763215706	inf	nan	-inf	nan	
28.0	0.0	0.006111612871678358	0.00030217359132771074	0.35279716900539676	0.0087316119299946	9.052163455099526	0.21529581201953313	0.006104276415646197	0.0003007437529766008	inf	nan	-inf	nan	
29.0	0.0	0.006033637934726109	0.00030081517395112007	0.35053800064752855	0.008730691888256611	9.107989727820183	0.21621690959984527	0.006014569221175567	0.0003113612986889745	inf	nan	-inf	nan	
30.0	0.0	0.006054029826707703	0.0003032547538882246	0.35112828350311964	0.008808414420739681	9.093423391705011	0.21830538374486186	0.006073511932304921	0.00031326535706713044	inf	nan	-inf	nan	
31.0	0.0	0.0057664687118346315	0.00029439636703021996	0.4833644713664338	0.012339794615046475	6.3173370261098745	0.22182378199026861	0.00579787989736745	0.0003133076156903948	0.48720442382965334	0.013160724970526665	6.248944462445573	0.23464485595672585	
32.0	0.0	0.005788106865028671	0.00029686233276670287	0.48426901209405515	0.012421576828107413	6.3011252424138435	0.2228961567384999	0.00578590493732928	0.000304786643069457	0.4867095984969826	0.012825884857536229	6.257620671917069	0.229080811042095	
33.0	0.0	0.0059967101307188755	0.0003096383437910357	0.4929158094448565	0.012739967361871884	6.147451447212523	0.2248173534515002	0.006022055411223148	0.0002969252662492194	0.49656409640165783	0.01224785392702778	6.083138150279391	0.2143948966107414	
34.0	0.0	0.005838167461273111	0.0003017938940543925	0.48635498931824267	0.012618776134119821	6.263871959256426	0.22629860863199575	0.005859998959094762	0.00030273602452996195	0.4898225678333791	0.012658950281828313	6.202127616371694	0.22465302466019896	
35.0	0.0	0.005763322602408468	0.0003030410398399628	0.4832226396024801	0.012720402482658396	6.320070139423885	0.22901672153824285	0.005763856940817452	0.00030519344925176544	0.48578002596906006	0.012852552951899009	6.274245660001852	0.22975391041863485	
36.0	0.0	0.005831210069112425	0.00029840306306843907	0.48606962995482056	0.012435680837822849	6.268873665244573	0.22228409822745362	0.005840445556975208	0.00029921268305399095	0.48900740115180413	0.012531889001609862	6.216546258634697	0.2227692105128721	
37.0	0.0	0.005856070582341402	0.00029806915379006275	0.4871571102630539	0.012409211212218432	6.2494413213312185	0.22152232619785278	0.005671947363448632	0.00029376495056318005	0.4818471911554985	0.012487146254937586	6.344734010151822	0.22534458902402937	
38.0	0.0	0.0058159824918590074	0.00030194990202686556	0.4854806339233699	0.0126069780299235	6.279492634572327	0.22570134948573745	0.005620881748204936	0.00028183791023443644	0.4796834389253175	0.012029468467460513	6.38363871242139	0.21795579254960337	
39.0	0.0	0.005772752395840954	0.00030986566694039613	0.4836618952552759	0.01298002811067479	6.31229142465469	0.23318102312845418	0.0055799371178050896	0.0002965696863596629	0.477914940131728	0.012690852903681295	6.416048383348845	0.23056500060201376	
40.0	0.0	0.005899420028278525	0.00028427546153596674	0.4889735985239145	0.011780076349279864	6.21681279836242	0.20929347459417474	0.005738527488286379	0.00028042769641115994	0.48468471915539396	0.011857614027791683	6.293418060262729	0.21283851363032463	
41.0	0.0	0.005764102255470501	0.0003049331322381598	0.48330424453102044	0.01278811152409892	6.31863097646659	0.22999501094944466	0.005712206696559311	0.0003063038744875933	0.48354243601058844	0.012978752586347477	6.314442435415214	0.2334635309805908	
42.0	0.0	0.005797759748202827	0.00029910886837639127	0.48472205242472166	0.012487711351848415	6.293022992837738	0.22356218406837186	0.005729908820114132	0.00029632729199423937	0.48430411039835025	0.01250493048477712	6.300527858660016	0.22403490004550095	
43.0	0.0	0.005999683379771616	0.00029059412820576103	0.4931096870612355	0.01194477219595366	6.14367911583078	0.21050801177367476	0.006005773279147728	0.0003050381951399872	0.4958309027254714	0.01258727943826619	6.096126665956807	0.22049824414111832	
44.0	0.0	0.006006025108905047	0.00029958095787885786	0.493361558383671	0.012303832124220296	6.1393956052025915	0.21667400293776964	0.005995892602305426	0.0003074963190712492	0.49541935900882095	0.012714284622798697	6.103404820151496	0.2231567005191328	
45.0	0.0	0.006000694086288922	0.0002975290511386618	0.49314367338547266	0.012253356343285315	6.143220964369566	0.21638018252558536	0.0059927666691518165	0.0002945958981368257	0.49530280701416846	0.012209837058464717	6.105234611227834	0.21482039779714834	
46.0	0.0	0.00606948093488893	0.000279530757952973	0.4959839466388356	0.011410701397227078	6.092944039623149	0.1996983071768678	0.006067151953599622	0.0002965794852943805	0.49836964592136973	0.012189954361068341	6.051569684932473	0.2126550240058753	
47.0	0.0	0.005986036776797325	0.00030284309933791725	0.492535313352697	0.012466257058063937	6.154037718313261	0.22004048209324154	0.005970035805970542	0.0003084708526414062	0.49434723404797454	0.012793279292239057	6.1222741062018065	0.2252477198555104	
48.0	0.0	0.0060071217272668525	0.0003174709572568357	0.4933870334494701	0.013065871262634825	6.139301351783909	0.23062677083690086	0.005989592571299813	0.000301826651400204	0.49516537552594453	0.012457334066220781	6.107739029425376	0.2182809421287485	
