#num_iterations=1000
#Sigma_mean	Sigma_std_dev	MSE_real_mean	MSE_real_std_dev	SNR_real_mean	SNR_real_std_dev	PRD_real_mean	PRD_real_std_dev	MSE_imag_mean	MSE_imag_std_dev	SNR_imag_mean	SNR_imag_std_dev	PRD_imag_mean	PRD_imag_std_dev
25.0	0.0	0.0004824866864219166	0.00013365689171996795	0.09821440597435531	0.013638748137741638	20.241349723605982	1.2211635812196018	0.00046109652209156516	0.00012776626756476678	inf	nan	-inf	nan	
26.0	0.0	0.000590224320162868	0.00013340430218221583	0.10896891536355427	0.012382712423520521	19.310853097811552	0.9996714606258951	0.0005761915730982272	0.0001309130834175693	inf	nan	-inf	nan	
27.0	0.0	0.0008510237317412104	0.00012875161776693497	0.13131310601579335	0.009948827294869933	17.65888108523238	0.6607616293232462	0.0008497001361213547	0.00014063742412718697	inf	nan	-inf	nan	
28.0	0.0	0.0004510059314360232	0.00012997246198804077	0.09484853826897287	0.013940115769232018	20.556834056197026	1.3174836845308473	0.0004296312950031561	0.0001352142769341153	inf	nan	-inf	nan	
29.0	0.0	0.0004710356719333544	0.00013066713681965798	0.09700821878979844	0.013716500533669821	20.353758014925727	1.264133153444351	0.0004615292497053471	0.00012748380329330835	inf	nan	-inf	nan	
30.0	0.0	0.0006001755360053511	0.00013802358538719632	0.1098741701275026	0.012570127512600102	19.238940500254284	0.995539168692473	0.0006032244084698987	0.0001353909573658971	inf	nan	-inf	nan	
31.0	0.0	0.00114035720136987	0.00014123997166493832	0.2146133972719489	0.013239793288060962	13.383348370041878	0.535075260144607	0.0011674626906381035	0.0001380719561368128	0.21832359129725248	0.01289193972548101	13.23312191895569	0.5128932486332033	
32.0	0.0	0.001136291598887932	0.00013187907390938138	0.21428181871499208	0.012355984971749185	13.394641684394498	0.4986856098081793	0.0011806445554850794	0.00013300450578712116	0.21958973252917474	0.012321040350745412	13.181379013701978	0.48610960495885935	
33.0	0.0	0.0012163098135644032	0.0001369304681084672	0.22171634510549956	0.01246828511733784	13.097777676603705	0.48855883062589184	0.0012401678867854605	0.00013371430823978146	0.22508390316289012	0.012140380432905136	12.965764443176752	0.4691429115965561	
34.0	0.0	0.001118511972631204	0.0001389939993747348	0.21254609332692947	0.013140627855347985	13.467461781835338	0.5354269837902218	0.0011581484146788625	0.00014670430716653697	0.21739397899838436	0.013771023062992247	13.272506656695603	0.5511709634125651	
35.0	0.0	0.0010963597293361022	0.00014103865851454372	0.21039982578448702	0.013501821845841583	13.556950688058945	0.5570342018445552	0.0011255314551006112	0.00014203478462628354	0.21431362016642705	0.013532408963244905	13.396370097133182	0.5499101984068835	
36.0	0.0	0.0011815414104686813	0.0001352924207465303	0.21851399504520874	0.01247369507643145	13.22453826240905	0.49529665051041655	0.0011886189009931677	0.00013054505544030028	0.2203438736709897	0.012113958328947964	13.151138846985212	0.4785396604127054	
37.0	0.0	0.0025275266654089345	0.00022555761940370404	0.3198339515371274	0.014240488669359678	9.910103909149404	0.3863524885839035	0.0016702269115294397	0.00016912685510791646	0.261227928284005	0.013240634208634482	11.670794899726328	0.44126629682216584	
38.0	0.0	0.0026806962093086756	0.00020695773654555834	0.329462415534201	0.012744157267395835	9.650402986076754	0.3369093324615177	0.0018264576044254657	0.00017010615947238089	0.27322686674334307	0.012723993981760776	11.27896275179784	0.4050078077840162	
39.0	0.0	0.0030159812501430326	0.00022406487107236227	0.34947911729542064	0.012990780621435076	9.137585277960996	0.3232870480680911	0.002119544849057819	0.00017560418601348616	0.29440013730713543	0.012195640428302497	10.628699302907458	0.3601378744876877	
40.0	0.0	0.00242429985222684	0.00019863337250861646	0.31328302642966205	0.012815146727228782	10.088520063900473	0.35501600727706223	0.001705964277265394	0.00016017741681921264	0.2640551806655848	0.012412492407653304	11.575730417154697	0.40930161997610054	
41.0	0.0	0.0022193308320606715	0.00016599627545371687	0.29978766958995645	0.011220910734095922	10.469819699284395	0.3255907741945254	0.001970302639787468	0.00014600758612236546	0.2838948295888914	0.010520675733395749	10.942819085190305	0.32211534093600896	
42.0	0.0	0.00236844213295152	0.000171811018532214	0.3097082597567255	0.011230668018556784	10.186657048210085	0.3151083427650577	0.002113513468961875	0.00015607005265104058	0.29403260615007776	0.010860266566201903	10.638022539799914	0.3211860056086583	
43.0	0.0	0.0028512051567117706	0.00017848731712350802	0.3398663472542585	0.010642414048461694	9.37809925514427	0.2722138904838621	0.002816866549571963	0.00018096377255997942	0.3395062911545631	0.01091511548090857	9.387539816615586	0.2796296796251006	
44.0	0.0	0.002983391499678743	0.00018473474130090668	0.3476590587515279	0.010770766766496909	9.181102562692871	0.2693739404561077	0.00295996613485164	0.00018846697748515072	0.34802743860560725	0.01105290465990491	9.172098752401762	0.275325184223123	
45.0	0.0	0.0033333320694164626	0.00019153082991914472	0.36750777077263164	0.01056875838598744	8.698267159834487	0.25012487747643164	0.0032908583338451935	0.00018579830888968885	0.36700361466284864	0.010369221768409058	8.710065450234259	0.24572204660272964	
46.0	0.0	0.0027958295585922784	0.00018170658123937636	0.33653694928235073	0.010939799055699782	9.46393814291901	0.28257035973843797	0.0027647062510046377	0.00018151364219657867	0.3363409697924862	0.011038055357480824	9.469082611703252	0.28511762200215734	
47.0	0.0	0.0028383796689143846	0.0002334413622766363	0.3389815964138297	0.013920187832892346	9.403794667690324	0.3565279115222508	0.0028343916846470777	0.00023555994992089508	0.34044449763884893	0.01410903788839812	9.366513979257892	0.35937581390194506	
48.0	0.0	0.003008273374973331	0.00022417337146677993	0.34903075718484844	0.01301436580870617	9.148773491399421	0.3242984423192192	0.002977698968093831	0.00023467212012706236	0.34897394742295434	0.013741028289914697	9.150870816638104	0.34197624954339567	
