#Number of simulations=10000, Mother Wavelet=db4, Number of levels=5,Array size=2048
#Sigma_mean	Sigma_std_dev	sigma1_mean	sigma1_std_dev	sigma2_mean	sigma2_std_dev	sigma3_mean	sigma3_std_dev	sigma4_mean	sigma4_std_dev
0.0	0.0	1.8441308633691637e-11	0.0	0.0002080248729383241	2.710505431213761e-20	0.0017155519463872418	2.168404344971009e-19	0.002343357607167481	4.336808689942018e-19	
0.01	0.0	0.011749509591047496	0.0001936829738466008	0.01333714305768005	0.00022173478774051793	0.015973318165804135	0.00026747618901933924	0.016619118108849765	0.0002816636255649911	
0.02	0.0	0.023475426429444154	0.00039049683157778406	0.025871010631324715	0.00042864431326890403	0.02955254081380864	0.0004899794584635767	0.030536624980728982	0.0005135090871837636	
0.030000000000000013	1.3877787807814457e-17	0.035207998309939675	0.0005852047813926122	0.038170663558569594	0.000626125300646102	0.042571862950887995	0.0007115874642839826	0.043875469253563545	0.000728973638874758	
0.04	0.0	0.046951029333717295	0.0007727442494985366	0.05037159512018968	0.0008350424619630146	0.05526301568328406	0.0009118627470449628	0.05682668574162117	0.0009446549355073045	
0.05000000000000001	6.938893903907228e-18	0.058665948517621316	0.0009656088100584218	0.06250904258457657	0.001029537130427125	0.06776621010650853	0.0011269553637769207	0.0695864467185261	0.0011530867875394878	
0.060000000000000026	2.7755575615628914e-17	0.07039270772344461	0.0011796368009289728	0.07463056159442104	0.0012328516743679181	0.08009048203645698	0.0013047745264006278	0.08219587345300651	0.0013500216141093546	
0.07000000000000003	2.7755575615628914e-17	0.08211342131873468	0.0013618472657318205	0.08664062915359744	0.0014294454923182735	0.09230343125455909	0.0015088185458944955	0.09466873001992276	0.0015507310022254365	
0.08	0.0	0.09386324150570602	0.0015480311385727258	0.0986950761218005	0.0016322650629233331	0.10452884353009136	0.0017361940605551812	0.10708135290436613	0.0017669055375582252	
0.09000000000000001	1.3877787807814457e-17	0.10561200841293043	0.0017493195880103022	0.11073780944556204	0.0018511593326273736	0.11669105628859454	0.0019159883861150282	0.11941986451966015	0.001974150775309786	
0.10000000000000002	1.3877787807814457e-17	0.1173358459379368	0.0019193508297475842	0.12279623726151451	0.002034471819182276	0.12884064757425237	0.0021306210784765535	0.13171150176032262	0.0021864589127839527	
0.11000000000000004	4.163336342344337e-17	0.12906757049110432	0.00214497107640181	0.1347725415870319	0.002227627730467218	0.14098693260804038	0.002317530655608736	0.14390422909213116	0.0023493717318777826	
0.12000000000000005	5.551115123125783e-17	0.14077371845938197	0.0023223057623432547	0.14672681659676368	0.002437857958395687	0.15310022665239975	0.0025251857723792726	0.15608940607408478	0.0025489959208415797	
0.12999999999999995	5.551115123125783e-17	0.152524528562971	0.002533871478192554	0.15873333249452695	0.0026450612893753615	0.16517058391275946	0.002748122807143265	0.16822613196791347	0.0027538703604794556	
0.14000000000000007	5.551115123125783e-17	0.16426798803748655	0.00271860433833482	0.17069697010695942	0.002784086867898347	0.1773181700531666	0.002926994928814531	0.18034376668959992	0.0029656518900064706	
0.14999999999999997	2.7755575615628914e-17	0.17597257817926334	0.0029137936112351944	0.18262213311438966	0.002973034967769024	0.1894229888690885	0.003131311172131313	0.1924160606391354	0.003125316626756565	
0.16	0.0	0.1877296851058807	0.0030759060951148897	0.1945200566447229	0.003219490237992825	0.2013905743586316	0.0033460009115000387	0.20451309949397783	0.0033725150845060996	
0.16999999999999996	5.551115123125783e-17	0.1994241358860701	0.0032579547970150117	0.20648671792864237	0.003432488009949065	0.2134820137040625	0.003537398130517418	0.21665871196448003	0.0035965111152167144	
0.18000000000000002	2.7755575615628914e-17	0.21118760727168848	0.0035291257074524913	0.2183418134504107	0.0036276963744374807	0.22550241426681483	0.0036891877902554757	0.22860350166188442	0.003781829642778827	
0.18999999999999997	2.7755575615628914e-17	0.22292160930027238	0.0036694488317237685	0.23029399387877061	0.003841726845157264	0.2374794466685866	0.00395975728947803	0.2406693146018511	0.004060838119175074	
0.20000000000000004	2.7755575615628914e-17	0.23466595936596468	0.003855176796028783	0.24219428609137778	0.003970953436459385	0.24953360012100329	0.00404230239068895	0.25267094101906157	0.004204378014349511	
0.21	0.0	0.246358929842712	0.004051835456711833	0.25404964972928085	0.004151989500517986	0.26147114926171483	0.00427788008291789	0.26465848300373823	0.004441004946966622	
0.22000000000000008	8.326672684688674e-17	0.2581708912243846	0.004315201326267146	0.26595810038648576	0.004362475277916792	0.2735171307302701	0.004532234966056094	0.2765179777802689	0.004560933157500642	
0.23	0.0	0.26972681775297774	0.004470065093903934	0.2777139679061408	0.004581972161163848	0.2853434776431567	0.004680960026067929	0.28851332140298536	0.004672251956588869	
0.2400000000000001	1.1102230246251565e-16	0.28157871901792303	0.0046614057848776485	0.2897317058616329	0.004808058874946333	0.29725920003657447	0.004893643611701506	0.3005790510611836	0.0049103417457917395	
0.25	0.0	0.2932664280131074	0.004886222206825292	0.30148862357440603	0.004919835322138203	0.30930745443520075	0.005077544351524658	0.3123376909668527	0.005176111554160634	
0.2599999999999999	1.1102230246251565e-16	0.3049645279313674	0.00504262002141877	0.3134748104504528	0.005185366779629372	0.32099030395223316	0.005282378697903725	0.3241819603365071	0.005402392508536226	
0.27	0.0	0.3167304155627802	0.005235887037633231	0.32528788635865136	0.005292527384062333	0.3329762382078752	0.0054839749757788405	0.33609341888313315	0.005512423248530611	
0.28000000000000014	1.1102230246251565e-16	0.328402585253303	0.005415557259996728	0.33709295780619686	0.0056294917202729874	0.3449963137998248	0.005694293060724759	0.34796786907613003	0.005777528218453973	
0.29	0.0	0.3402485195074817	0.005649051594697506	0.34893053994628614	0.005656916559910184	0.35668089504824324	0.0058538783184652644	0.35971451436869706	0.005859735435598506	
0.29999999999999993	5.551115123125783e-17	0.3519184137099695	0.00581755333657571	0.3607895128608612	0.005971103070907289	0.36847743607119465	0.006087283506500001	0.3714565042012381	0.006089904804752605	
0.30999999999999994	5.551115123125783e-17	0.3636509551508103	0.006000014627215694	0.3725535589311352	0.006073727463916483	0.38042998524241917	0.00625915008830945	0.38335144101962815	0.006301612645730974	
0.32	0.0	0.3754583554171456	0.0061464820994687345	0.38442307769329676	0.006279854265461153	0.39226661539659485	0.0064810602592703164	0.3951220368283502	0.0065858562063377	
0.33	0.0	0.387173274655107	0.006331439725032026	0.39636044607430215	0.006626140946906742	0.4039785352696245	0.006711300488074912	0.406934212565854	0.00669311875812425	
0.3399999999999999	1.1102230246251565e-16	0.3988294645650717	0.006578179865969356	0.40800090870347305	0.006761080341967895	0.41592121545027094	0.006881828087819966	0.41863107116385806	0.0069653864686935974	
0.3499999999999999	1.1102230246251565e-16	0.41069156677578683	0.006817352277128024	0.4199245534770504	0.006890378765808526	0.42766925226624664	0.007014752683949811	0.43043515764016865	0.007199075950055897	
0.36000000000000004	5.551115123125783e-17	0.42238518124486657	0.006893154511652079	0.4316905677625222	0.007109513857176446	0.43944109085490074	0.007197372149636382	0.44231836831506427	0.007270724027827654	
0.37000000000000005	5.551115123125783e-17	0.4340065731169649	0.00710019804296902	0.44338975127578845	0.007329028378199045	0.45121588331681944	0.007414952941667106	0.45385823187109653	0.007472479891100166	
0.37999999999999995	5.551115123125783e-17	0.4458444292082535	0.007331233323571626	0.4552191119215515	0.007573910431713135	0.46293652439609184	0.0075580661431622065	0.4656966141730202	0.00768478057682797	
0.38999999999999996	5.551115123125783e-17	0.4575985980362144	0.0075846721903203886	0.4669987034918695	0.007630194029708746	0.47478245296041094	0.007761954671705138	0.4772306344475929	0.007906623872980816	
0.4000000000000001	5.551115123125783e-17	0.4693591545168685	0.007787187801872262	0.47859381222861075	0.007883128325796506	0.4864372046677634	0.007910825048457236	0.4889914047235634	0.00803224770902299	
0.4100000000000001	5.551115123125783e-17	0.48101009157701374	0.007960734337503628	0.490356977462111	0.008064519722997382	0.4983130255633445	0.008189595079879135	0.50077748528046	0.00819095062512734	
0.42	0.0	0.49281602013501496	0.008139546296761327	0.5023567926228463	0.008262557984462925	0.5101213540400292	0.008473389360962466	0.5123364567789658	0.008410173433762234	
0.4299999999999999	1.1102230246251565e-16	0.5043891882846535	0.00832712392389442	0.514036854822055	0.008473052361613966	0.5216775442522413	0.008674603230420587	0.524151811493097	0.008686039049828929	
0.44000000000000017	1.6653345369377348e-16	0.5162308021814409	0.008493002642733168	0.5257984647161212	0.008735346685096766	0.5334693844813087	0.008764801318399268	0.5358541201283025	0.00880546234142681	
0.45000000000000007	5.551115123125783e-17	0.5280296500742397	0.008714615617444044	0.53755506818929	0.008850642465997462	0.5453218262724517	0.008939337103447104	0.5474714463627852	0.008852052043197034	
0.46	0.0	0.5395555798338136	0.008889993443206824	0.5494298165321133	0.009016526316429229	0.5569464632137908	0.00920229189499996	0.5592421299517238	0.009266582884862734	
0.4699999999999999	1.1102230246251565e-16	0.5515758654646991	0.009015508648785916	0.5613142457203326	0.009235803099400008	0.568702733398097	0.009445651823567687	0.5707833616866905	0.009310017767638713	
0.4800000000000002	2.220446049250313e-16	0.5628528689099629	0.009382125134906038	0.5728394580726252	0.009560964528664924	0.58044978515036	0.009553408305675167	0.5824033016956098	0.00968847076302145	
0.49000000000000016	1.6653345369377348e-16	0.5749296084217991	0.009530543175897327	0.5844443814884458	0.009625641768126367	0.5919309001677512	0.009689188628110858	0.5940938176628724	0.009786199290396716	
0.5	0.0	0.5867106655414249	0.009747459387617292	0.596405670455013	0.009873052505128127	0.6036499249932695	0.010047710885537037	0.6058620785177627	0.01009907094218878	
0.5099999999999999	1.1102230246251565e-16	0.5985209450173373	0.009856749549239926	0.6081007619342118	0.0100076328494418	0.6156225951150708	0.010172960125354838	0.6172956712043322	0.010152685372366924	
0.5199999999999998	2.220446049250313e-16	0.6100419427850213	0.010055473944384647	0.6197415381515039	0.010183346867571035	0.6271995392566281	0.010426730676631414	0.6289031598763192	0.01025213642042506	
0.5300000000000001	1.1102230246251565e-16	0.6219171759794117	0.010418786136075994	0.631575666830136	0.010445322037275051	0.6390578397991605	0.010515562920700347	0.640405700564712	0.010557220648292238	
0.54	0.0	0.6335072285786014	0.01040070211821235	0.6431537913980029	0.010749490893683942	0.6506805599758287	0.010774644428259254	0.6520977026821768	0.010750980490479383	
0.5499999999999999	1.1102230246251565e-16	0.6452883820451516	0.010640399065841992	0.6549469197355952	0.010904015276139744	0.6622780719091769	0.011002253024749692	0.6635664804977428	0.011032633870914825	
0.5600000000000003	2.220446049250313e-16	0.6570179891612377	0.01088054304050936	0.6668863629609072	0.01107793406212799	0.6740165267890512	0.011129996881697853	0.6754008230003468	0.01109745510217676	
0.5700000000000002	1.1102230246251565e-16	0.6686634691924884	0.011062493352889996	0.6785443505734425	0.011204512063150089	0.6857778200357297	0.0113580497473343	0.6872591684276956	0.011225118886314523	
0.58	0.0	0.6803116922307011	0.011170771868628858	0.6900908743033337	0.011533405087054758	0.6971837413906478	0.011429109415533314	0.6985339897375339	0.011417461668998586	
0.59	0.0	0.6922475763947954	0.011259252506117517	0.7018597454431957	0.011658846216152922	0.7090227362867687	0.011609958255830569	0.7102289999214934	0.01160852184354184	
